1274059346266
31029037817191
6273276306449
71907838181198
97683610468361
8611914662673
46615929281985
46195860618504
41333595938935
65592896416201
69545050885506
78520773139579
37601001646713
14909716803647
73833218308112
29714729513703
20168978416405
81734346977042
12387902009861
40210653315221
54038641446758
44001496367909
8602608670024
35893703236485
66235702911762
27301627877203
27800847740320
91935919568413
662195974410
78886107447011
72060469982098
80829713794040
39908107675695
15949172692842
96508011260836
87808141961177
77016536055902
29845368079705
43047756811883
83270351798499
25169027564453
78261687962113
16778853566532
52237483371169
14323338907020
50440989911636
19493398680992
79478579899073
68625316261613
94000131687366
58867415573647
87833016173366
83031588794300
40278563484810
91659356639011
51816611199604
56136542394166
11015227561134
33662805702650
2721773603986
57258989997692
26054912219229
66550388060580
4618085611002
51297795317980
64483928698995
29882170116888
11577326453904
89362401618098
49262708342479
74724282043561
29595465106961
35799177258379
44996283420017
65659200375767
41088039029141
33625377347850
80632648447150
1363422159610
43994971223256
93362753872770
98536952086670
51473744212386
91549314391974
33741393135254
79434871520838
15041878095776
76233114186222
54030098452632
10373154366940
45126486667282
13100690762385
74898181804493
6365635506108
75988540216190
651768256376
46826598886729
52040344150074
9564229875492
54211931245961
39677896621961
18343541064367
88740355651361
44303616413927
6760693821210
45546663364029
84943314558265
45861230367953
35592401841026
5417619396234
99256528582947
21876133328719
10247723942672
34163496847455
38064630743688
2175540268416
97669807168412
39822098556798
86282877769686
18349839054991
8525770404349
9364063977399
80753330270900
97857155983590
90984184434841
99793638330379
58517522266047
23723625179086
38565483349826
96592777999732
21941263354569
74354974668744
38508446194444
92912575464399
69481528749673
62202453209837
15138985593761
91970731353664
88836496131558
22621901846795
37395742265690
181977236029
42447156977497
51279560844035
5536860238725
2660349240155
62032367918065
32993781850204
15082648366246
36893821230
68873210339983
90566291110038
38085850926201
7937359226265
24105792453151
70051615241173
95767578658314
74545808183279
243315160599
14031882308900
34303003392661
2261919382617
21144039893685
85046192292594
79129691984173
76016645338387
33405402033343
77870044703058
55733682616196
61619503975254
70593684354505
3021643679535
70894920301520
44462286451828
3653077942638
82469320556791
94695904709609
7403918121947
65519601748431
11313138016644
12042011412983
93248550415425
87136328338444
88264101735181
89702909113029
21472844839971
22840799679494
25792696291903
16731332193444
73624968467583
31333870886749
54069027495220
147372142263
91734536730475
76390814052741
73988317464802
44064924574022
34038800197881
50108207557410
46764249615440
59599763360526
27703907683550
50799753456124
5050703769185
52570022990391
95953650102302
25358207318773
40196385600578
38719973932086
75372226553552
7968225534941
72164780107889
59268028321585
51940444951397
10523274430192
89763625131024
47464261857325
28524696006282
71851679326108
16283650518255
19541936311703
90137793659076
363838838623
2863600228157
23222000485736
78222016513688
26113650859722
49378241827805
59622731395143
31802521572930
97414605970338
14563612904030
98578409193965
46034691302034
52649379910617
18131669161911
62166295141951
54538875247105
74007493518269
93549694198344
31793073482109
76156801296923
41183095694368
19071723976350
74505060853352
78242288878997
77442945841213
10057526776380
24235401603293
52777452104794
21102028819950
146683072073
2365749189806
22635094578796
54685089017144
6465567358552
67275814674389
61708771980022
39379930813518
11899361542943
72273498964949
86494383484441
58444467576390
30132857051578
69191274218645
47149198867631
61722501044514
48644317946177
5122217029908
63131657741804
65214604229756
73479531232277
68168993184948
41761107112940
63856151277281
16450045826360
43317282231675
60249357271634
31361287371860
80795051949604
56842552162805
32586689907515
79217051479607
46948859081907
92055174382771
27342430104940
43390474531232
69281527955586
62467669789356
89886641864669
88938726760243
14674568652136
42339250715537
58045534836453
81093787820913
5211309414577
3906383359304
48759606654619
30283585286351
62842324110733
47220791146101
8090724596540
96897234081746
30079424879254
19162830968519
61773127552725
34095872652596
95462007579232
55121634912658
83158182481740
80967193443427
47392926306711
70157089667975
44900347914097
46235900332863
54756812908447
43642731518800
92504764607878
10067272626157
42860443662680
26089833671756
29380693839269
7984555999490
87077918766883
81274969183064
77190288755453
94011070437747
8228580597124
53960023960617
9559975133863
57395911825257
43894110279975
41143160988490
81173116182021
62306381618082
13314056730746
79275365466575
16876803640512
41862981083410
60532144871610
5842832600060
26825369492958
77749412798856
94973544400798
39172908267593
93079119090253
97116751617964
90997155426658
75610733176614
97775624999963
14376971578982
82622871151094
93396400475445
48855065993950
53456056292878
10847814389202
40909221215166
80054657596274
1400855250568
96567829305533
12052997667638
98366480121009
34511744479430
17386479348475
21752394289843
32941242243935
17371449259457
99672763996820
16333883099276
70645851262390
58079782179482
92863002484665
30687360759572
74773173233929
81566347084696
50008589262280
86154901905024
56153724175693
16512077928886
37127746912351
97430780672474
55959378842725
59396396462779
29545006359995
90199292165048
64033086209617
93034935362855
54690923047903
66802712979904
83582678483180
29813943324595
89191094167574
35922465428570
23605702170709
60951174435505
13149268502632
10919441651827
60519031961416
25630907525327
41367141404471
30344099946032
84226986041495
5719149772362
38222774895195
63483303699776
54204042672037
63835278309912
47417217153704
46166024016731
78160674988893
92018136641082
86347703704407
88826741599565
30524610193449
55959478105608
85349488654900
37231752153180
5811021470042
52651404340097
98037515079653
8992891704255
89800866932022
5819314771468
72577294259692
16899803591919
69693979499172
91181301083137
70712410247068
27156887990914
19089675433528
98757978636250
79301121257681
79904092943936
52684857042950
772516579442
51922835382143
55752027587938
15340518135733
81190527105809
54510924361990
58598765707031
35806652280376
76350327319829
46669651277662
73683613020131
57824438390670
7321140444196
74567735054074
39191235520302
43751495687435
65395582746972
60672733698079
27796249667539
40566732086561
36214968364312
40227572669713
78115263181486
76734297457844
2093080286236
71097082531360
45153121637534
74733521281081
58497066299620
67361527209954
30570826759315
67887383387624
95724939484499
95472035312457
90390274632888
78348346164672
5424041762513
32742082332129
27071120567055
2938753664898
12337907720131
96458876746361
81968231887002
25917009372490
348073146179
58030659786485
16601021578508
63002635495853
24137997272069
64323820975552
18637918627620
55824559282432
71678847547445
27350275271868
45329631962479
21911147221657
91277836998471
52986395306382
38197239900650
28613025067101
88098822801028
10869743643312
65805831115036
70636722348910
75651432446307
55642392377393
53640590577044
75282669723499
79111373270133
81371703950340
13872018013460
85217972384439
21957795471213
34188928440426
35632679261964
2487572981714
68560677715662
39086961794688
47800549879996
50695432183724
21834769419437
83194066886186
78805688210579
53951400308199
93774096008855
41025780603508
41851432142840
72908055192958
86666296008370
8479738081385
41058940538205
381430051415
25919979818075
48987298884037
6452611096172
28326608013566
24375413665578
40630743693281
78665211636022
50091432604987
71513164222048
41236921675145
67353672395285
68729095049076
77665614704093
50342867735581
29999088055093
81952852060125
62514354154196
78705572605766
3792225412177
13861690835479
72133273876882
56045732276348
13565484042453
34265622233180
69573209210199
74650733868206
58071327584195
67355678304622
50956652703825
32555460491819
85582095328701
46498791213244
41512307934137
50881832736395
97542703229747
53604779889116
35860006373700
82239841316074
14460178881264
25668127032150
52331434934067
52272380472578
59006021817837
19979386266770
98533387675819
23876306666501
90585316248206
71816076762865
80423789425051
87250786407318
91570913143766
55949760607839
41175535294510
95501957232290
17045267104319
55630244472041
70504275272388
34681583938779
71567338676005
23830615393764
7001032287172
77329327397398
95734950980561
9575149338305
86282642630020
88570058526013
44546627367833
12818009276706
86239458277953
98378674533034
26361175031354
42188648013291
42394854720637
1182587174884
80928870808523
28482940725368
85288824797390
86482039208312
55278517155321
59976970765616
90784872998590
25298424471185
35735206934985
74644169455535
41493231779776
62353972756993
58182666045537
72354703147137
57241698141878
43355315061231
47041193436413
56390566986737
69756156200814
1578912040289
93575032187924
42482904661698
73215555507078
95611952766727
36946839349563
28252035533466
34716558704416
42162065352804
29103493083256
60435070822060
35331148760059
31406365013689
14816512110868
55559761252922
48373371174915
37221117423504
5111540519390
71180245020828
85512925670814
89763675963571
40839920213886
43578115131518
9876661134160
15781304208640
36416170907275
7303369192975
86886401179804
16645364697872
17136527416104
72912411037280
32065194390424
30059219916396
20143844418519
37629901160143
12062334415387
94479006124134
6069480129747
51089225742571
82966155664209
15151352237217
54826356868838
94506362311824
88402960163164
11027230678360
35398179799774
44011848396113
45116516445985
51051450694880
46221188829197
54020162673387
83809368128385
57651160501020
99509751707664
98382496629808
65037287186304
49442451149133
60223308876165
69665405765577
83722178649453
22239338662946
79376116981281
15681195994214
18172773201164
15051515801638
38530129996051
54937753232368
3932797850747
64608455111856
4744512895987
72356100939331
20876048246495
23941932655756
3411922436448
10504822017398
53129077219312
73816562208598
39353971161256
14036773430624
83072901238961
17985000458429
95363191770819
18484594924064
13569986397344
62043686334751
72888213182563
17870568234206
70893547854383
86684375725762
81947521701393
60378791567640
87347695551171
13454258813418
6765588089194
81670244574984
43441851545626
43249433561871
52760503549333
64775449287012
39968209096032
13389483150941
54242245547731
54963650199844
7228281007612
8030667489301
24456384566612
46633578888332
7079149267379
73135281393197
17290030882105
12057005504112
44860082630271
73473831403587
60718771124603
43594654873389
69854637843648
41643798576850
21417006280659
87615008340360
33092044882131
62060543026850
31333109519522
68258986123212
26177083643288
76000786059290
67509335731477
17246409874833
37266324262374
45309875582618
13074675406267
97360365163253
51395136371939
88530302376352
18156503660930
22118005018527
7446893220939
3399804831316
92204652592381
24226653581817
75993787740500
48684750706456
75546566730875
48516327365597
68932533290842
94423136161153
88102137736860
94618081710660
75882795275567
74594263080325
81807049088118
38123356715736
42388868798835
97911592628760
17068228544430
67501794845279
23917225521573
61284051540475
5295895811578
93584968915034
32469745862161
11398244506740
43884062129315
33320457316089
67005482125043
90236820233341
86899540717671
32396708490380
19161703441549
31157508323266
89615686150038
25501093622427
99113793090473
86090857465624
29420194528870
59169381561891
84264361436406
2695821839518
9925455267139
12866928130117
71659580871949
25936886636648
52550303965878
92878264212989
43358933390345
96381039049311
81223392286631
34011149886356
65991205682375
86938267683998
12679978052557
97297934738479
91126729190187
92046074891455
22510241920635
72114647357528
705938673663
65452267366281
110038577836
32088415394627
74656449563587
44474135156205
17218348980676
50108607181406
6402121196497
74800070194187
15742093646572
39765044203141
46009200435280
1063956587931
40534976880101
61809647926982
73376709890770
12100778684075
16765171682346
26532421826028
27179061850552
36589379309221
92666167365271
35331842776244
5622123331410
34115490666731
86568218881592
31942018989166
17046316746809
68886823836527
21295791577966
88517891650617
4665893920275
6984593396397
7221149171997
62225928822231
85791384727455
66925998782640
33371931701515
11026733919218
80531475260647
91802914610011
13986189424034
3880304004821
37982926931318
44740570239252
32943906849641
66595349828793
23841232727602
316776119446
840980156149
12102999551024
46297327540551
56569616520270
61099832813092
40944108340036
64941386063742
66661419597783
23922660404510
93754319073340
6098333686835
65495218013697
42914177556263
92057285713178
39584953844390
93147598825603
22621684769161
55671540107409
48032155515371
87401457270672
91250793678
76420815668553
15990049475915
39708542550644
97514720916063
62050807711757
23947312095169
40849104669377
88038183458207
32589852474894
90707857479440
5072564496432
41255029383341
86704110694684
63250678214782
32200138195958
87885551500739
95229307890928
35349410408817
50682083203989
8189338059756
52121065410219
48214533060033
84188894622293
93302065321305
29957934328244
83895105110731
43068215498554
63815168545868
39775266060336
94006537106157
69360678239046
27813370892296
86614141101152
42875584840674
89751845565914
88051475602631
81511718888242
21529987849000
47611804519419
21186213351083
44960983165748
15869483851330
36602178023826
27834758844821
31957986702053
3321121741659
30464447272037
85102346003025
80299625503424
98053013839566
19966065867006
50061122172692
8003245842295
37049892078455
33850637580456
71005441734364
62435728508980
68321356932420
36294955655486
83549958668321
36662254965355
89538762948068
98568259633763
40484002831484
69533929194439
21740438959987
740356183178
6621849925923
27927899190179
5076523658969
59318311941389
19589673813156
16944599673025
79342666782207
6633785885004
88687106948438
28670139065846
78567273673262
24084112238389
45313271845476
81668233816090
38893803377315
47373570603868
53558423284070
43305741070134
94727944287480
38999743733224
96900575502749
73027576356278
54715516898458
58986008460551
11738830000308
43661604424764
65673114836921
9328460606028
34094735285666
39189200312400
23079953971209
92975291372589
40761970806846
75703434657165
1812859381764
78766071367069
76859002680843
32572208523166
50454975977425
79393553073063
61201898708241
31365789161865
72937408169333
98423849897241
58275608365219
61155479922510
48035744929037
41579681392891
